# unix_time, cycles_done, cur_path, paths_total, pending_total, pending_favs, map_size, unique_crashes, unique_hangs, max_depth, execs_per_sec
1538054746, 0, 0, 1, 1, 1, 0.01%, 0, 0, 1, 2000.00
1538054751, 24, 1, 2, 0, 0, 0.01%, 0, 0, 2, 2897.20
1538054756, 55, 0, 2, 0, 0, 0.01%, 0, 0, 2, 3006.76
1538054762, 86, 1, 2, 0, 0, 0.01%, 0, 0, 2, 3064.00
1538054767, 116, 1, 2, 0, 0, 0.01%, 0, 0, 2, 3064.07
1538054772, 146, 1, 2, 0, 0, 0.01%, 0, 0, 2, 3065.98
1538054777, 176, 1, 2, 0, 0, 0.01%, 0, 0, 2, 3063.43
1538054782, 206, 1, 2, 0, 0, 0.01%, 0, 0, 2, 3065.98
1538054787, 237, 1, 2, 0, 0, 0.01%, 0, 0, 2, 3077.81
1538054792, 267, 1, 2, 0, 0, 0.01%, 0, 0, 2, 3063.89
1538054797, 297, 1, 2, 0, 0, 0.01%, 0, 0, 2, 3068.78
1538054802, 327, 1, 2, 0, 0, 0.01%, 0, 0, 2, 3070.52
1538054807, 359, 0, 2, 0, 0, 0.01%, 0, 0, 2, 3076.48
1538054812, 389, 0, 2, 0, 0, 0.01%, 0, 0, 2, 3067.65
1538054817, 419, 0, 2, 0, 0, 0.01%, 0, 0, 2, 3071.26
1538054822, 450, 0, 2, 0, 0, 0.01%, 0, 0, 2, 3092.05
1538054827, 480, 0, 2, 0, 0, 0.01%, 0, 0, 2, 3066.41
1538054832, 510, 0, 2, 0, 0, 0.01%, 0, 0, 2, 3052.06
1538054837, 540, 0, 2, 0, 0, 0.01%, 0, 0, 2, 3062.47
1538054842, 570, 0, 2, 0, 0, 0.01%, 0, 0, 2, 3033.88
