# unix_time, cycles_done, cur_path, paths_total, pending_total, pending_favs, map_size, unique_crashes, unique_hangs, max_depth, execs_per_sec
1554547532, 0, 0, 1, 1, 1, 0.01%, 0, 0, 1, 285.71
1554547537, 0, 4, 5, 2, 1, 0.02%, 0, 0, 4, 2272.93
1554547542, 2, 4, 5, 0, 0, 0.02%, 0, 0, 4, 1986.97
1554547547, 7, 4, 5, 0, 0, 0.02%, 0, 0, 4, 2167.52
1554547553, 12, 4, 5, 0, 0, 0.02%, 0, 0, 4, 2542.21
1554547558, 18, 0, 5, 0, 0, 0.02%, 0, 0, 4, 2548.49
1554547563, 23, 3, 5, 0, 0, 0.02%, 0, 0, 4, 2661.38
1554547568, 28, 4, 5, 0, 0, 0.02%, 0, 0, 4, 2700.45
1554547573, 34, 2, 5, 0, 0, 0.02%, 0, 0, 4, 2727.82
1554547578, 39, 4, 5, 0, 0, 0.02%, 0, 0, 4, 2710.83
1554547583, 45, 2, 5, 0, 0, 0.02%, 0, 0, 4, 2726.14
1554547589, 50, 4, 5, 0, 0, 0.02%, 0, 0, 4, 2750.84
1554547655, 120, 2, 6, 0, 0, 0.02%, 0, 0, 6, 2532.78
1554547661, 123, 2, 6, 0, 0, 0.02%, 0, 0, 6, 2560.02
1554547666, 126, 4, 6, 0, 0, 0.02%, 0, 0, 6, 2679.15
1554547671, 129, 3, 6, 0, 0, 0.02%, 0, 0, 6, 2506.55
1554547676, 132, 1, 6, 0, 0, 0.02%, 0, 0, 6, 2207.50
1554547681, 134, 4, 6, 0, 0, 0.02%, 0, 0, 6, 2346.96
