# unix_time, cycles_done, cur_path, paths_total, pending_total, pending_favs, map_size, unique_crashes, unique_hangs, max_depth, execs_per_sec
1538054751, 0, 0, 1, 1, 1, 0.01%, 0, 0, 1, 0.00
1538054756, 9, 1, 2, 0, 0, 0.01%, 0, 0, 2, 2486.46
1538054761, 21, 0, 2, 0, 0, 0.01%, 0, 0, 2, 2804.62
1538054766, 32, 1, 2, 0, 0, 0.01%, 0, 0, 2, 2913.54
1538054771, 44, 1, 2, 0, 0, 0.01%, 0, 0, 2, 2926.29
1538054776, 56, 0, 2, 0, 0, 0.01%, 0, 0, 2, 2936.07
1538054781, 67, 1, 2, 0, 0, 0.01%, 0, 0, 2, 2930.72
1538054787, 79, 1, 2, 0, 0, 0.01%, 0, 0, 2, 2925.05
1538054792, 91, 0, 2, 0, 0, 0.01%, 0, 0, 2, 2938.15
1538054797, 103, 0, 2, 0, 0, 0.01%, 0, 0, 2, 2928.27
1538054802, 114, 1, 2, 0, 0, 0.01%, 0, 0, 2, 2932.77
1538054807, 126, 1, 2, 0, 0, 0.01%, 0, 0, 2, 2929.67
1538054812, 138, 0, 2, 0, 0, 0.01%, 0, 0, 2, 2930.40
1538054817, 149, 1, 2, 0, 0, 0.01%, 0, 0, 2, 2932.08
1538054823, 161, 1, 2, 0, 0, 0.01%, 0, 0, 2, 2926.87
1538054828, 173, 0, 2, 0, 0, 0.01%, 0, 0, 2, 2944.78
1538054833, 185, 0, 2, 0, 0, 0.01%, 0, 0, 2, 2950.32
1538054838, 196, 1, 2, 0, 0, 0.01%, 0, 0, 2, 2944.53
1538054843, 208, 1, 2, 0, 0, 0.01%, 0, 0, 2, 2977.68
