# unix_time, cycles_done, cur_path, paths_total, pending_total, pending_favs, map_size, unique_crashes, unique_hangs, max_depth, execs_per_sec
1556632114, 0, 0, 1, 1, 1, 0.01%, 0, 0, 1, 65.57
1556632119, 0, 1, 2, 1, 1, 0.01%, 1, 0, 2, 220.77
1556632124, 7, 0, 2, 0, 0, 0.01%, 1, 0, 2, 339.36
1556632129, 15, 0, 2, 0, 0, 0.01%, 1, 0, 2, 377.34
1556632134, 22, 1, 2, 0, 0, 0.01%, 1, 0, 2, 387.72
1556632139, 30, 0, 2, 0, 0, 0.01%, 1, 0, 2, 382.42
1556632144, 38, 0, 2, 0, 0, 0.01%, 1, 0, 2, 391.69
1556632149, 45, 1, 2, 0, 0, 0.01%, 1, 0, 2, 371.17
1556632154, 53, 0, 2, 0, 0, 0.01%, 1, 0, 2, 395.71
1556632160, 61, 0, 2, 0, 0, 0.01%, 1, 0, 2, 383.33
1556632165, 69, 0, 2, 0, 0, 0.01%, 1, 0, 2, 400.25
1556632170, 76, 1, 2, 0, 0, 0.01%, 1, 0, 2, 388.54
1556632175, 84, 0, 2, 0, 0, 0.01%, 1, 0, 2, 387.77
1556632180, 92, 0, 2, 0, 0, 0.01%, 1, 0, 2, 387.10
1556632185, 100, 0, 2, 0, 0, 0.01%, 1, 0, 2, 400.95
1556632190, 107, 1, 2, 0, 0, 0.01%, 1, 0, 2, 380.63
1556632195, 115, 1, 2, 0, 0, 0.01%, 1, 0, 2, 398.74
1556632200, 123, 1, 2, 0, 0, 0.01%, 1, 0, 2, 403.00
1556632205, 131, 0, 2, 0, 0, 0.01%, 1, 0, 2, 385.72
1556632210, 139, 0, 2, 0, 0, 0.01%, 1, 0, 2, 404.78
1556632215, 147, 0, 2, 0, 0, 0.01%, 1, 0, 2, 398.02
1556632220, 154, 1, 2, 0, 0, 0.01%, 1, 0, 2, 392.49
1556632225, 162, 0, 2, 0, 0, 0.01%, 1, 0, 2, 390.10
1556632230, 170, 0, 2, 0, 0, 0.01%, 1, 0, 2, 391.97
1556632358, 416, 0, 2, 0, 0, 0.01%, 2, 0, 2, 365.80
1556632363, 423, 1, 2, 0, 0, 0.01%, 2, 0, 2, 387.35
1556632368, 431, 1, 2, 0, 0, 0.01%, 2, 0, 2, 387.18
1556632373, 439, 0, 2, 0, 0, 0.01%, 2, 0, 2, 393.20
1556632378, 446, 1, 2, 0, 0, 0.01%, 2, 0, 2, 391.79
1556632383, 454, 1, 2, 0, 0, 0.01%, 2, 0, 2, 393.51
1556632388, 462, 0, 2, 0, 0, 0.01%, 2, 0, 2, 384.51
1556632393, 469, 1, 2, 0, 0, 0.01%, 2, 0, 2, 388.48
1556632398, 477, 1, 2, 0, 0, 0.01%, 2, 0, 2, 401.31
1556632403, 485, 1, 2, 0, 0, 0.01%, 2, 0, 2, 397.73
1556632408, 493, 0, 2, 0, 0, 0.01%, 2, 0, 2, 399.83
1556632413, 501, 0, 2, 0, 0, 0.01%, 2, 0, 2, 407.10
1556632418, 509, 0, 2, 0, 0, 0.01%, 2, 0, 2, 387.05
1556632423, 516, 0, 2, 0, 0, 0.01%, 2, 0, 2, 377.80
1556632429, 524, 1, 2, 0, 0, 0.01%, 2, 0, 2, 402.80
1556632434, 532, 0, 2, 0, 0, 0.01%, 2, 0, 2, 386.56
1556632439, 540, 0, 2, 0, 0, 0.01%, 2, 0, 2, 392.46
1556632444, 547, 1, 2, 0, 0, 0.01%, 2, 0, 2, 396.06
1556632449, 555, 1, 2, 0, 0, 0.01%, 2, 0, 2, 393.60
1556632454, 563, 0, 2, 0, 0, 0.01%, 2, 0, 2, 397.22
1556632459, 571, 0, 2, 0, 0, 0.01%, 2, 0, 2, 397.01
1556632464, 579, 1, 2, 0, 0, 0.01%, 2, 0, 2, 403.06
1556632469, 587, 1, 2, 0, 0, 0.01%, 2, 0, 2, 405.86
