# unix_time, cycles_done, cur_path, paths_total, pending_total, pending_favs, map_size, unique_crashes, unique_hangs, max_depth, execs_per_sec
1538056729, 0, 0, 1, 1, 1, 0.01%, 0, 0, 1, 800.00
1538056734, 0, 0, 9, 9, 1, 0.02%, 3, 0, 2, 1086.82
1538056739, 0, 0, 10, 10, 1, 0.02%, 3, 0, 2, 1134.91
1538056759, 0, 1, 10, 9, 2, 0.02%, 3, 0, 2, 1122.98
1538056764, 0, 7, 10, 7, 0, 0.02%, 3, 0, 2, 1412.60
1538056769, 0, 9, 10, 5, 0, 0.02%, 3, 0, 2, 1402.14
1538056779, 1, 2, 10, 4, 0, 0.02%, 3, 0, 2, 1546.56
1538056785, 1, 3, 10, 3, 0, 0.02%, 3, 0, 2, 1539.48
1538056790, 1, 4, 10, 2, 0, 0.02%, 3, 0, 2, 1482.38
1538056795, 2, 1, 10, 0, 0, 0.02%, 3, 0, 2, 1335.69
1538056800, 2, 9, 10, 0, 0, 0.02%, 3, 0, 2, 1223.27
1538056805, 3, 7, 10, 0, 0, 0.02%, 3, 0, 2, 1181.52
1538056810, 4, 6, 10, 0, 0, 0.02%, 3, 0, 2, 1168.98
