# unix_time, cycles_done, cur_path, paths_total, pending_total, pending_favs, map_size, unique_crashes, unique_hangs, max_depth, execs_per_sec
1556632236, 176, 0, 2, 2, 0, 0.01%, 2, 0, 2, 287.54
1556632241, 180, 1, 2, 0, 0, 0.01%, 2, 0, 2, 352.47
1556632246, 191, 0, 2, 0, 0, 0.01%, 2, 0, 2, 401.90
1556632251, 202, 0, 2, 0, 0, 0.01%, 2, 0, 2, 403.75
1556632256, 212, 0, 2, 0, 0, 0.01%, 2, 0, 2, 388.42
1556632261, 223, 0, 2, 0, 0, 0.01%, 2, 0, 2, 410.32
1556632266, 233, 1, 2, 0, 0, 0.01%, 2, 0, 2, 384.77
1556632271, 244, 0, 2, 0, 0, 0.01%, 2, 0, 2, 386.42
1556632276, 254, 0, 2, 0, 0, 0.01%, 2, 0, 2, 385.55
1556632281, 264, 0, 2, 0, 0, 0.01%, 2, 0, 2, 381.00
1556632286, 274, 1, 2, 0, 0, 0.01%, 2, 0, 2, 387.67
1556632291, 285, 0, 2, 0, 0, 0.01%, 2, 0, 2, 405.34
1556632296, 294, 1, 2, 0, 0, 0.01%, 2, 0, 2, 386.13
1556632302, 305, 0, 2, 0, 0, 0.01%, 2, 0, 2, 389.38
1556632307, 315, 0, 2, 0, 0, 0.01%, 2, 0, 2, 390.54
1556632312, 325, 1, 2, 0, 0, 0.01%, 2, 0, 2, 399.66
1556632317, 335, 1, 2, 0, 0, 0.01%, 2, 0, 2, 387.08
1556632322, 345, 1, 2, 0, 0, 0.01%, 2, 0, 2, 382.40
1556632327, 356, 1, 2, 0, 0, 0.01%, 2, 0, 2, 405.87
1556632332, 367, 0, 2, 0, 0, 0.01%, 2, 0, 2, 403.55
1556632337, 378, 0, 2, 0, 0, 0.01%, 2, 0, 2, 420.55
1556632342, 387, 1, 2, 0, 0, 0.01%, 2, 0, 2, 382.37
1556632347, 398, 0, 2, 0, 0, 0.01%, 2, 0, 2, 384.60
1556632352, 408, 1, 2, 0, 0, 0.01%, 2, 0, 2, 389.45
1556632474, 595, 1, 2, 0, 0, 0.01%, 2, 0, 2, 396.56
1556632479, 605, 1, 2, 0, 0, 0.01%, 2, 0, 2, 384.14
1556632484, 615, 1, 2, 0, 0, 0.01%, 2, 0, 2, 387.48
1556632490, 625, 1, 2, 0, 0, 0.01%, 2, 0, 2, 380.88
1556632495, 636, 0, 2, 0, 0, 0.01%, 2, 0, 2, 388.00
1556632500, 646, 1, 2, 0, 0, 0.01%, 2, 0, 2, 383.39
1556632505, 656, 1, 2, 0, 0, 0.01%, 2, 0, 2, 384.17
1556632510, 667, 0, 2, 0, 0, 0.01%, 2, 0, 2, 380.75
1556632515, 676, 1, 2, 0, 0, 0.01%, 2, 0, 2, 364.26
1556632520, 686, 1, 2, 0, 0, 0.01%, 2, 0, 2, 374.27
1556632525, 697, 1, 2, 0, 0, 0.01%, 2, 0, 2, 407.94
1556632530, 707, 1, 2, 0, 0, 0.01%, 2, 0, 2, 377.57
