# unix_time, cycles_done, cur_path, paths_total, pending_total, pending_favs, map_size, unique_crashes, unique_hangs, max_depth, execs_per_sec
1548778109, 0, 0, 1, 1, 1, 0.01%, 0, 0, 1, 2000.00
1548778115, 61, 1, 5, 0, 0, 0.02%, 0, 0, 3, 3526.05
1548778120, 93, 5, 7, 0, 0, 0.02%, 0, 0, 3, 3315.36
1548778125, 125, 7, 8, 0, 0, 0.02%, 0, 0, 3, 3996.79
1548778130, 149, 3, 11, 0, 0, 0.02%, 0, 0, 4, 4289.78
1548778135, 208, 2, 11, 0, 0, 0.02%, 0, 0, 4, 3987.34
1548778140, 264, 4, 11, 0, 0, 0.02%, 0, 0, 4, 3841.06
1548778145, 315, 2, 12, 0, 0, 0.02%, 0, 0, 4, 4061.35
1548778151, 376, 0, 13, 0, 0, 0.02%, 0, 0, 4, 4128.55
1548778156, 431, 2, 13, 0, 0, 0.02%, 0, 0, 4, 4148.56
1548778161, 480, 3, 14, 0, 0, 0.02%, 0, 0, 4, 4080.09
1548778166, 515, 14, 16, 0, 0, 0.02%, 0, 0, 5, 3864.00
1548778171, 565, 7, 17, 0, 0, 0.02%, 0, 0, 5, 4091.24
1548778176, 593, 18, 19, 2, 0, 0.02%, 0, 0, 5, 3693.49
1548778181, 611, 9, 19, 0, 0, 0.02%, 0, 0, 5, 3701.67
1548778187, 637, 14, 20, 0, 0, 0.02%, 0, 0, 6, 3875.58
1548778192, 668, 9, 21, 0, 0, 0.02%, 0, 0, 6, 3925.73
1548778197, 685, 2, 23, 0, 0, 0.02%, 0, 0, 6, 3937.38
1548778202, 707, 17, 24, 0, 0, 0.02%, 0, 0, 6, 3581.38
1548778207, 730, 0, 26, 0, 0, 0.02%, 0, 0, 6, 3840.75
1548778212, 752, 4, 28, 1, 0, 0.02%, 0, 0, 7, 3950.39
1548778218, 773, 11, 29, 1, 0, 0.02%, 0, 0, 7, 4034.04
1548778223, 790, 27, 29, 0, 0, 0.02%, 0, 0, 7, 4289.21
1548778228, 807, 28, 31, 1, 0, 0.02%, 0, 0, 7, 4329.97
1548778233, 818, 28, 32, 0, 0, 0.01%, 0, 0, 7, 4557.42
1548778238, 830, 31, 33, 0, 0, 0.01%, 0, 0, 7, 4621.18
1548778243, 843, 28, 34, 1, 0, 0.01%, 0, 0, 7, 4493.82
1548778249, 852, 30, 35, 0, 0, 0.01%, 0, 0, 7, 4247.10
1548778254, 862, 31, 36, 0, 0, 0.01%, 0, 0, 7, 4104.82
1548778259, 872, 31, 36, 0, 0, 0.01%, 0, 0, 7, 4261.26
1548778264, 883, 28, 38, 1, 0, 0.01%, 0, 0, 7, 4183.10
1548778269, 892, 39, 40, 1, 0, 0.01%, 0, 0, 8, 4377.68
1548778274, 900, 31, 41, 0, 0, 0.01%, 0, 0, 8, 3935.85
1548778279, 906, 28, 43, 0, 0, 0.01%, 0, 0, 8, 3632.00
1548778285, 916, 40, 44, 1, 0, 0.01%, 0, 0, 8, 4242.46
1548778290, 925, 31, 44, 0, 0, 0.01%, 0, 0, 8, 4518.01
1548778295, 936, 31, 46, 0, 0, 0.01%, 0, 0, 8, 4582.69
1548778300, 945, 24, 47, 0, 0, 0.01%, 0, 0, 8, 4612.47
1548778305, 953, 22, 48, 1, 0, 0.01%, 0, 0, 8, 4276.17
1548778310, 962, 15, 49, 0, 0, 0.01%, 0, 0, 8, 4488.93
1548778316, 968, 49, 51, 1, 0, 0.01%, 0, 0, 8, 4502.31
1548778321, 978, 18, 53, 1, 0, 0.01%, 0, 0, 8, 4534.08
1548778326, 987, 0, 54, 0, 0, 0.01%, 0, 0, 8, 4595.24
1548778331, 995, 50, 55, 1, 0, 0.01%, 0, 0, 8, 4606.85
1548778336, 1004, 55, 57, 2, 0, 0.01%, 0, 0, 8, 4644.24
1548778341, 1014, 50, 57, 0, 0, 0.01%, 0, 0, 8, 4484.52
1548778347, 1027, 46, 58, 0, 0, 0.01%, 0, 0, 8, 4563.31
1548778352, 1037, 58, 60, 2, 0, 0.02%, 0, 0, 8, 4455.28
1548778357, 1039, 4, 61, 0, 0, 0.02%, 0, 0, 8, 3913.42
1548778362, 1046, 59, 62, 1, 0, 0.02%, 0, 0, 8, 3979.89
1548778367, 1053, 23, 62, 0, 0, 0.02%, 0, 0, 8, 3815.87
1548778372, 1059, 22, 63, 1, 0, 0.02%, 0, 0, 8, 3756.13
1548778377, 1064, 40, 64, 1, 0, 0.02%, 0, 0, 8, 3863.15
1548778382, 1069, 63, 65, 1, 0, 0.02%, 0, 0, 8, 3928.58
1548778388, 1077, 22, 65, 0, 0, 0.02%, 0, 0, 8, 3933.69
1548778393, 1086, 54, 67, 1, 0, 0.02%, 0, 0, 8, 3978.60
1548778398, 1094, 2, 68, 0, 0, 0.02%, 0, 0, 8, 3979.99
1548778403, 1105, 61, 68, 0, 0, 0.02%, 0, 0, 8, 3984.19
1548778408, 1111, 29, 70, 0, 0, 0.02%, 0, 0, 8, 4100.43
1548778413, 1118, 41, 71, 0, 0, 0.02%, 0, 0, 8, 4027.51
1548778419, 1127, 59, 71, 0, 0, 0.02%, 0, 0, 8, 4017.14
1548778424, 1135, 14, 72, 1, 0, 0.02%, 0, 0, 8, 4022.73
1548778429, 1144, 0, 73, 1, 0, 0.02%, 0, 0, 8, 4102.23
1548778434, 1152, 66, 73, 0, 0, 0.02%, 0, 0, 8, 4176.71
1548778439, 1159, 65, 75, 2, 0, 0.02%, 0, 0, 9, 4115.38
1548778444, 1162, 75, 77, 2, 0, 0.02%, 0, 0, 9, 4010.93
1548778450, 1170, 28, 77, 0, 0, 0.02%, 0, 0, 9, 4026.70
1548778455, 1176, 54, 77, 0, 0, 0.02%, 0, 0, 9, 4131.56
1548778460, 1182, 48, 78, 0, 0, 0.02%, 0, 0, 9, 4147.25
1548778465, 1188, 61, 79, 0, 0, 0.02%, 0, 0, 9, 4068.86
1548778470, 1195, 21, 80, 1, 0, 0.01%, 0, 0, 9, 4069.42
1548778475, 1201, 30, 80, 0, 0, 0.01%, 0, 0, 9, 4565.64
1548778480, 1208, 55, 81, 0, 0, 0.01%, 0, 0, 9, 4543.95
1548778486, 1213, 42, 83, 1, 0, 0.01%, 0, 0, 9, 4536.54
1548778491, 1217, 74, 83, 0, 0, 0.01%, 0, 0, 9, 4490.01
1548778496, 1224, 80, 84, 0, 0, 0.01%, 0, 0, 9, 4621.73
1548778501, 1231, 21, 86, 1, 0, 0.01%, 0, 0, 9, 4525.55
1548778506, 1239, 43, 86, 1, 0, 0.01%, 0, 0, 9, 4565.00
1548778511, 1243, 86, 87, 1, 0, 0.01%, 0, 0, 9, 4444.71
1548778517, 1246, 81, 89, 0, 0, 0.01%, 0, 0, 9, 4446.33
1548778522, 1253, 4, 89, 0, 0, 0.01%, 0, 0, 9, 4422.33
1548778527, 1260, 86, 92, 3, 0, 0.01%, 0, 0, 9, 4482.11
1548778532, 1263, 89, 92, 2, 0, 0.01%, 0, 0, 9, 4409.40
1548778537, 1271, 58, 92, 1, 0, 0.01%, 0, 0, 9, 4524.65
1548778542, 1276, 94, 95, 2, 0, 0.01%, 0, 0, 9, 4475.32
1548778547, 1281, 61, 95, 0, 0, 0.01%, 0, 0, 9, 4034.42
1548778552, 1288, 42, 95, 0, 0, 0.01%, 0, 0, 9, 3871.01
1548778558, 1293, 27, 98, 3, 0, 0.01%, 0, 0, 9, 4111.36
1548778563, 1299, 17, 98, 1, 0, 0.01%, 0, 0, 9, 4427.32
1548778568, 1305, 58, 98, 1, 0, 0.01%, 0, 0, 9, 4557.15
1548778573, 1309, 92, 101, 2, 0, 0.01%, 0, 0, 9, 4572.17
1548778578, 1315, 82, 102, 2, 0, 0.01%, 0, 0, 9, 4585.44
1548778583, 1321, 88, 103, 2, 0, 0.01%, 0, 0, 9, 4544.94
1548778589, 1326, 31, 105, 1, 0, 0.01%, 0, 0, 9, 4591.92
1548778594, 1331, 43, 106, 1, 0, 0.02%, 0, 0, 9, 4373.48
1548778599, 1333, 77, 108, 1, 0, 0.02%, 0, 0, 9, 4231.89
1548778604, 1337, 38, 108, 0, 0, 0.02%, 0, 0, 9, 4250.54
1548778609, 1341, 107, 109, 1, 0, 0.02%, 0, 0, 9, 4151.58
1548778615, 1347, 73, 111, 1, 0, 0.02%, 0, 0, 9, 4250.42
1548778620, 1351, 77, 111, 0, 0, 0.02%, 0, 0, 9, 4276.74
1548778625, 1356, 36, 112, 1, 0, 0.02%, 0, 0, 9, 4319.06
1548778630, 1360, 78, 113, 1, 0, 0.02%, 0, 0, 9, 4294.35
1548778635, 1363, 112, 113, 1, 0, 0.02%, 0, 0, 9, 4349.06
1548778640, 1370, 3, 114, 1, 0, 0.02%, 0, 0, 9, 4320.03
1548778645, 1375, 63, 115, 0, 0, 0.02%, 0, 0, 9, 4298.75
1548778650, 1379, 110, 115, 0, 0, 0.02%, 0, 0, 9, 4303.66
1548778655, 1384, 43, 116, 1, 0, 0.02%, 0, 0, 9, 4334.63
1548778661, 1388, 95, 118, 2, 0, 0.02%, 0, 0, 9, 4335.39
1548778666, 1393, 58, 119, 2, 0, 0.02%, 0, 0, 9, 4376.46
1548778671, 1398, 38, 120, 1, 0, 0.02%, 0, 0, 9, 4445.87
1548778676, 1400, 119, 122, 3, 0, 0.02%, 0, 0, 9, 4459.98
1548778681, 1404, 110, 122, 1, 0, 0.02%, 0, 0, 9, 4262.29
1548778687, 1408, 73, 123, 2, 0, 0.02%, 0, 0, 9, 3712.42
1548778692, 1412, 122, 124, 1, 0, 0.02%, 0, 0, 9, 3992.89
1548778697, 1417, 105, 124, 0, 0, 0.02%, 0, 0, 9, 4211.30
1548778702, 1421, 123, 124, 0, 0, 0.02%, 0, 0, 9, 3951.85
1548778708, 1425, 14, 127, 1, 0, 0.02%, 0, 0, 9, 318.42
1548778713, 1427, 105, 127, 1, 0, 0.01%, 0, 0, 9, 3815.11
1548778718, 1428, 125, 127, 1, 0, 0.01%, 0, 0, 9, 4415.78
1548778723, 1431, 127, 130, 2, 0, 0.01%, 0, 0, 10, 4413.55
1548778729, 1435, 96, 130, 0, 0, 0.01%, 0, 0, 10, 4507.98
1548778734, 1438, 111, 130, 0, 0, 0.01%, 0, 0, 10, 4410.06
1548778739, 1441, 21, 133, 2, 0, 0.01%, 0, 0, 11, 4464.94
1548778744, 1444, 43, 133, 1, 0, 0.01%, 0, 0, 11, 4600.33
1548778749, 1448, 54, 134, 2, 0, 0.01%, 0, 0, 11, 4519.03
1548778754, 1451, 125, 136, 3, 0, 0.01%, 0, 0, 11, 4550.87
1548778759, 1456, 28, 136, 2, 0, 0.01%, 0, 0, 11, 4430.18
1548778765, 1458, 133, 139, 5, 0, 0.01%, 0, 0, 12, 4492.40
1548778770, 1460, 86, 140, 4, 0, 0.01%, 0, 0, 12, 4406.55
1548778775, 1463, 74, 140, 2, 0, 0.01%, 0, 0, 12, 4497.42
1548778780, 1465, 140, 143, 4, 0, 0.01%, 0, 0, 12, 4568.49
1548778785, 1469, 123, 143, 2, 0, 0.01%, 0, 0, 12, 4582.23
1548778790, 1473, 63, 143, 1, 0, 0.01%, 0, 0, 12, 4586.07
1548778796, 1476, 47, 146, 3, 0, 0.01%, 0, 0, 12, 4502.17
1548778801, 1477, 142, 146, 1, 0, 0.01%, 0, 0, 12, 4546.01
