# unix_time, cycles_done, cur_path, paths_total, pending_total, pending_favs, map_size, unique_crashes, unique_hangs, max_depth, execs_per_sec
1554547594, 55, 5, 6, 5, 1, 0.01%, 0, 0, 6, 2622.25
1554547599, 57, 5, 6, 0, 0, 0.01%, 0, 0, 6, 2665.87
1554547604, 62, 3, 6, 0, 0, 0.01%, 0, 0, 6, 2710.41
1554547609, 67, 0, 6, 0, 0, 0.01%, 0, 0, 6, 2697.96
1554547614, 72, 0, 6, 0, 0, 0.01%, 0, 0, 6, 2496.85
1554547619, 78, 2, 6, 0, 0, 0.01%, 0, 0, 6, 2659.02
1554547625, 85, 0, 6, 0, 0, 0.01%, 0, 0, 6, 2821.98
1554547630, 91, 1, 6, 0, 0, 0.01%, 0, 0, 6, 2667.01
1554547635, 97, 2, 6, 0, 0, 0.01%, 0, 0, 6, 2617.63
1554547640, 103, 3, 6, 0, 0, 0.01%, 0, 0, 6, 2639.03
1554547645, 110, 1, 6, 0, 0, 0.01%, 0, 0, 6, 2808.12
1554547650, 116, 2, 6, 0, 0, 0.01%, 0, 0, 6, 2612.24
